(0.28168,0.24359)(0.25171,1.42117)(0.25017,3.74082)(0.21644,4.16118)
{1.00247}
(0.26227,0.20117)(0.27579,2.01562)(0.22469,2.07379)(0.23725,2.26812)
{1.01800}
(0.25407,0.30511)(0.23447,1.14159)(0.25117,2.22306)(0.26029,5.81759)
{1.00872}
(0.27611,0.14094)(0.27674,2.17887)(0.24767,2.71256)(0.19948,2.74555)
{1.00490}
(0.26002,0.45358)(0.20933,0.71941)(0.26372,2.95973)(0.26693,3.02064)
{1.01325}
(0.22674,0.06977)(0.23137,0.62548)(0.25692,9.18336)(0.28497,9.41150)
{0.98820}
(0.23726,0.11432)(0.24749,1.19413)(0.24329,3.54778)(0.27196,6.02970)
{0.99570}
(0.26975,0.35958)(0.27202,1.22575)(0.22013,2.46325)(0.23810,2.83758)
{1.01642}
(0.24348,0.14767)(0.24794,1.40045)(0.26791,2.63369)(0.24067,4.19365)
{1.00405}
(0.27383,0.30480)(0.22658,1.57142)(0.22923,1.69077)(0.27037,3.68949)
{1.01676}
(0.25533,0.56027)(0.27449,0.71113)(0.23720,3.66720)(0.23298,4.07972)
{1.01331}
(0.26990,0.24141)(0.25210,1.64429)(0.24085,2.08490)(0.23714,3.63932)
{1.00954}
(0.27586,0.16120)(0.27074,2.04875)(0.22480,2.18656)(0.22860,17.13589)
{1.00096}
(0.25252,0.20690)(0.22819,1.65925)(0.25224,1.95840)(0.26705,2.76014)
{1.01247}
(0.22036,0.20762)(0.25681,1.37753)(0.25065,1.98705)(0.27218,2.24367)
{1.02448}
(0.24065,0.36963)(0.23091,0.82317)(0.25565,2.67034)(0.27278,4.61391)
{1.00714}
(0.23297,0.26377)(0.26039,1.15321)(0.25501,2.24148)(0.25163,3.44530)
{1.01171}
(0.25197,0.32941)(0.26189,1.25236)(0.21484,1.96918)(0.27130,2.56317)
{1.02361}
(0.21891,0.20271)(0.28113,1.30127)(0.23590,1.98332)(0.26406,3.04231)
{1.01328}
(0.23728,0.09499)(0.22516,1.59919)(0.24620,2.30425)(0.29136,3.17989)
{1.00518}
(0.22928,0.03708)(0.24446,1.92027)(0.26920,2.35290)(0.25706,2.51526)
{1.01101}
(0.26715,0.31284)(0.23504,1.22051)(0.27074,2.39323)(0.22707,3.82452)
{1.00885}
(0.26658,0.42158)(0.23366,0.98432)(0.26317,2.25237)(0.23659,3.04473)
{1.02252}
(0.25083,0.26363)(0.23557,1.02164)(0.25924,3.40214)(0.25436,4.49335)
{0.99749}
(0.23366,0.14609)(0.25335,1.69644)(0.24854,1.76009)(0.26445,3.42880)
{1.01045}
(0.23093,0.14406)(0.26812,1.57216)(0.27427,2.13079)(0.22667,2.94795)
{1.01245}
(0.27519,0.28465)(0.23897,1.60725)(0.24263,2.16226)(0.24321,2.51706)
{1.01502}
(0.28186,0.44427)(0.22483,0.99782)(0.23762,2.12362)(0.25569,4.98734)
{1.01747}
(0.22847,0.26564)(0.28161,1.13159)(0.24858,2.65852)(0.24135,2.94721)
{1.01203}
(0.27468,0.17080)(0.21461,1.31945)(0.25564,4.13698)(0.25508,4.68852)
{0.99291}
(0.28482,0.59576)(0.25079,0.65862)(0.24340,5.36954)(0.22098,9.49155)
{1.00718}
(0.24039,0.23642)(0.23557,1.36546)(0.24384,1.78520)(0.28019,9.99964)
{1.01032}
(0.26792,0.24853)(0.27348,1.66842)(0.20814,1.87913)(0.25045,11.67805)
{1.00705}
(0.28731,0.36136)(0.22199,1.49434)(0.27448,2.07762)(0.21623,2.14517)
{1.02539}
(0.24265,0.27004)(0.26358,1.69291)(0.23517,1.69451)(0.25860,1.94601)
{1.02963}
(0.25240,0.09508)(0.27451,1.24765)(0.25734,13.81644)(0.21575,14.17486)
{0.98502}
(0.25926,0.27745)(0.25882,1.54016)(0.22753,1.72974)(0.25439,4.53903)
{1.01465}
(0.23241,0.00000)(0.27049,1.94846)(0.21813,2.62293)(0.27897,2.78150)
{1.00565}
(0.27416,0.38231)(0.23062,0.94418)(0.22512,3.74721)(0.27010,3.78581)
{1.00811}
(0.26896,0.36403)(0.23889,1.14946)(0.24779,2.12248)(0.24436,5.20831)
{1.01391}
(0.27266,0.36490)(0.21940,0.94878)(0.23950,3.05322)(0.26844,5.25563)
{1.00244}
(0.27461,0.31606)(0.24332,1.70745)(0.21409,1.78235)(0.26798,2.26693)
{1.02459}
(0.26715,0.16848)(0.26286,2.03305)(0.24427,2.15849)(0.22571,2.94672)
{1.00916}
(0.23419,0.09974)(0.25291,1.86047)(0.25208,2.04681)(0.26082,2.65933)
{1.00975}
(0.23734,0.22820)(0.27457,1.36437)(0.27453,2.15098)(0.21356,3.39543)
{1.01104}
(0.21786,0.00000)(0.29277,1.42419)(0.23410,3.17186)(0.25527,7.28039)
{0.99632}
(0.25197,0.12016)(0.22881,1.98766)(0.28612,2.34721)(0.23309,2.40050)
{1.00790}
(0.24713,0.21454)(0.22005,1.60261)(0.24397,2.02156)(0.28885,2.34937)
{1.01356}
(0.24781,0.47863)(0.25581,0.82237)(0.22881,2.39437)(0.26756,2.93084)
{1.02191}
(0.26024,0.28502)(0.23203,1.28352)(0.25894,2.25549)(0.24879,3.16562)
{1.01418}
(0.26176,0.48951)(0.23827,0.59589)(0.23310,6.12254)(0.26687,7.09360)
{0.99736}
(0.25129,0.11436)(0.23673,1.11065)(0.23024,5.49597)(0.28174,10.51127)
{0.98861}
(0.27112,0.43998)(0.26478,0.94296)(0.22361,3.54316)(0.24048,3.71370)
{1.01541}
(0.26719,0.03487)(0.24813,2.47213)(0.24365,2.63978)(0.24103,3.09139)
{1.00259}
(0.28167,0.33457)(0.23419,1.65500)(0.24942,1.91515)(0.23472,2.20111)
{1.02463}
(0.25268,0.26409)(0.25586,1.49173)(0.26638,1.94263)(0.22508,2.75435)
{1.01806}
(0.29826,0.32662)(0.23488,1.54847)(0.23508,2.49794)(0.23177,2.73626)
{1.01337}
(0.22788,0.04660)(0.28241,2.00161)(0.26486,2.27747)(0.22486,2.28054)
{1.01119}
(0.22215,0.19708)(0.26397,1.51818)(0.25989,1.71455)(0.25399,2.58846)
{1.01641}
(0.25909,0.25653)(0.25316,1.41020)(0.22647,2.37114)(0.26129,2.81631)
{1.01069}
(0.25317,0.20883)(0.24597,1.63592)(0.23287,2.16347)(0.26799,2.55297)
{1.01565}
(0.23896,0.18488)(0.24224,1.68638)(0.22502,1.88501)(0.29379,2.42341)
{1.01446}
(0.24927,0.12403)(0.26249,2.04192)(0.24116,2.17497)(0.24708,2.44731)
{1.00760}
(0.24204,0.08812)(0.26764,1.93509)(0.26041,2.35085)(0.22991,2.61520)
{1.00749}
(0.22800,0.24327)(0.23520,1.51742)(0.24105,1.54687)(0.29575,2.37481)
{1.02230}
(0.24928,0.25976)(0.22603,1.53338)(0.25749,1.62878)(0.26720,3.83079)
{1.01529}
(0.25280,0.32156)(0.22231,1.05242)(0.29708,2.60442)(0.22781,2.77431)
{1.01435}
(0.25074,0.13746)(0.26324,1.42936)(0.25652,3.49710)(0.22950,3.70620)
{0.99992}
(0.26955,0.29348)(0.23056,1.53060)(0.27088,1.86028)(0.22901,4.76900)
{1.01342}
(0.23698,0.15705)(0.28140,1.59193)(0.25982,2.04635)(0.22179,5.52533)
{1.00668}
(0.23742,0.38726)(0.26392,1.00388)(0.26746,1.98036)(0.23120,3.58696)
{1.01856}
(0.20868,0.05956)(0.26819,1.57668)(0.28030,2.02658)(0.24282,2.98573)
{1.00835}
(0.25932,0.18877)(0.23292,1.72965)(0.25998,2.26204)(0.24778,2.73746)
{1.00688}
(0.24979,0.17797)(0.23444,1.67546)(0.23628,2.00055)(0.27949,3.02014)
{1.00726}
(0.25517,0.02143)(0.24229,2.24307)(0.24492,2.51719)(0.25762,3.33299)
{0.99939}
(0.27286,0.09441)(0.23806,2.06618)(0.27024,2.94729)(0.21885,3.38957)
{1.00063}
(0.25611,0.35063)(0.22598,1.10795)(0.28460,2.04810)(0.23331,3.47914)
{1.01544}
(0.26332,0.23759)(0.24112,1.55891)(0.23108,2.24158)(0.26448,2.77343)
{1.01230}
(0.27216,0.18350)(0.27295,1.85009)(0.20530,2.60177)(0.24959,2.94995)
{1.00755}
(0.20801,0.22854)(0.25785,1.03337)(0.27699,2.36883)(0.25715,2.81346)
{1.01428}
(0.26417,0.26521)(0.25369,1.03106)(0.22019,6.45268)(0.26196,13.67231)
{0.99158}
(0.25904,0.10165)(0.24718,2.12791)(0.26861,2.45339)(0.22516,2.60953)
{0.99667}
(0.23541,0.26645)(0.23686,1.09455)(0.23332,2.34012)(0.29442,3.02392)
{1.01321}
(0.23575,0.03036)(0.24575,0.76835)(0.26821,14.26727)(0.25029,30.07376)
{0.97108}
(0.23325,0.41202)(0.25200,0.81075)(0.26076,2.68389)(0.25399,3.11665)
{1.01467}
(0.23874,0.35451)(0.21268,0.89760)(0.27766,2.18922)(0.27091,2.95628)
{1.01724}
(0.24305,0.17383)(0.26567,1.53054)(0.24028,2.22953)(0.25099,3.22952)
{1.01142}
(0.26323,0.13846)(0.21986,1.81862)(0.26176,2.52956)(0.25514,3.06258)
{1.00620}
(0.21954,0.17536)(0.27320,1.41767)(0.22540,2.24278)(0.28186,2.24777)
{1.02509}
(0.23619,0.33598)(0.25570,1.06735)(0.28429,2.12119)(0.22382,2.78617)
{1.01819}
(0.22086,0.24147)(0.26531,1.07522)(0.25703,2.39574)(0.25680,3.69873)
{1.01035}
(0.23721,0.41230)(0.25604,0.85734)(0.23923,2.35110)(0.26753,3.83114)
{1.01229}
(0.23694,0.30176)(0.25739,1.24972)(0.26532,1.78134)(0.24034,4.42616)
{1.01644}
(0.22820,0.13277)(0.27781,1.60639)(0.24848,2.19308)(0.24550,2.62858)
{1.01019}
(0.26684,0.19038)(0.26591,1.98592)(0.23779,2.16995)(0.22947,2.63088)
{1.01249}
(0.28788,0.20104)(0.22304,2.15801)(0.25047,2.35249)(0.23861,2.74306)
{1.00843}
(0.24471,0.38492)(0.24170,1.26321)(0.23983,1.37715)(0.27377,2.66770)
{1.03437}
(0.26304,0.29915)(0.23662,1.47477)(0.24181,1.79803)(0.25853,3.08918)
{1.01543}
(0.27198,0.24916)(0.26342,1.49781)(0.25130,2.90971)(0.21331,2.93619)
{1.01373}
(0.22782,0.11398)(0.28161,1.76792)(0.24965,2.06138)(0.24092,2.48139)
{1.00855}
(0.23918,0.24378)(0.28418,1.28760)(0.24067,2.40313)(0.23597,3.21516)
{1.01418}
(0.28782,0.36298)(0.26062,1.60057)(0.21902,1.68963)(0.23254,3.05636)
{1.02354}
(0.25522,0.37056)(0.24323,1.03137)(0.27513,2.48158)(0.22642,2.70217)
{1.01585}
(0.25588,0.27904)(0.23597,1.63316)(0.24432,1.79936)(0.26383,2.23123)
{1.02246}
(0.26418,0.17528)(0.21646,2.05075)(0.26015,2.12740)(0.25921,2.44042)
{1.00803}
(0.23621,0.16927)(0.27110,1.68531)(0.25603,2.08909)(0.23666,2.31669)
{1.01496}
(0.28192,0.17758)(0.27430,1.53516)(0.21951,6.56537)(0.22427,13.23236)
{0.99055}
(0.28991,0.38593)(0.21985,1.14615)(0.25246,2.70049)(0.23778,2.90853)
{1.01406}
(0.27361,0.23102)(0.24781,1.77644)(0.23248,2.17392)(0.24610,2.86712)
{1.00810}
(0.26784,0.35461)(0.26806,1.26843)(0.23666,2.28707)(0.22744,2.57649)
{1.02226}
(0.25649,0.22580)(0.23482,1.43126)(0.25343,2.25005)(0.25525,3.40687)
{1.00788}
(0.25521,0.26847)(0.22564,1.21395)(0.26771,2.27336)(0.25144,7.04997)
{1.00527}
(0.24901,0.25806)(0.28462,1.53399)(0.24419,2.16681)(0.22217,2.17664)
{1.01974}
(0.24227,0.47046)(0.24387,0.74548)(0.29102,2.59595)(0.22284,4.40568)
{1.01390}
(0.26434,0.29000)(0.22755,1.49197)(0.27729,1.84500)(0.23082,8.11485)
{1.00854}
(0.25731,0.13105)(0.24365,2.05681)(0.24581,2.20693)(0.25323,2.62137)
{1.00808}
(0.21927,0.17068)(0.27846,1.52862)(0.26847,2.05392)(0.23380,2.14172)
{1.01871}
(0.24303,0.08555)(0.26669,2.01999)(0.25382,2.33452)(0.23646,2.48379)
{1.00792}
(0.21808,0.26389)(0.21827,0.71902)(0.28088,3.41175)(0.28277,3.56907)
{1.00152}
(0.22255,0.27405)(0.27169,1.24982)(0.23987,1.74888)(0.26589,2.63999)
{1.02509}
(0.25709,0.09540)(0.25218,2.07693)(0.27003,2.09823)(0.22070,6.22079)
{1.00109}
(0.24600,0.10486)(0.22991,1.67350)(0.26238,2.38542)(0.26171,3.44145)
{1.00450}
(0.26629,0.32044)(0.22536,1.43555)(0.24220,1.82584)(0.26615,2.57875)
{1.02426}
(0.26809,0.14203)(0.21300,1.48178)(0.24840,3.46728)(0.27051,3.70123)
{0.99877}
(0.24494,0.35151)(0.24049,1.20000)(0.25884,1.67634)(0.25573,2.95125)
{1.02232}
(0.25150,0.34282)(0.23725,0.99876)(0.25787,2.50769)(0.25339,3.69550)
{1.01155}
(0.27028,0.50022)(0.23849,0.84581)(0.26340,2.23085)(0.22783,5.50686)
{1.02044}
(0.23373,0.09153)(0.26087,1.81842)(0.24368,2.31780)(0.26173,2.44990)
{1.00976}
(0.29021,0.33215)(0.27352,1.56762)(0.22027,2.42964)(0.21600,2.44673)
{1.01811}
(0.26480,0.27732)(0.24869,1.36113)(0.27128,2.32723)(0.21523,4.47467)
{1.01283}
(0.25437,0.22286)(0.23772,1.52495)(0.25619,2.04085)(0.25172,3.44279)
{1.00789}
(0.26764,0.31592)(0.23186,1.09661)(0.25471,3.11434)(0.24578,3.58151)
{1.00457}
(0.25113,0.41468)(0.28311,0.98236)(0.22850,2.61665)(0.23725,3.46952)
{1.01584}
(0.24455,0.25138)(0.23372,1.44816)(0.26202,1.77965)(0.25970,3.07038)
{1.01352}
(0.26885,0.28315)(0.26759,1.67156)(0.24721,2.01263)(0.21635,2.41363)
{1.01749}
(0.27628,0.38023)(0.21832,1.05414)(0.22515,2.57484)(0.28025,2.91146)
{1.01299}
(0.26030,0.18407)(0.26273,1.99038)(0.21578,2.10952)(0.26119,2.41080)
{1.01328}
(0.22884,0.34571)(0.27082,1.07335)(0.24303,1.83149)(0.25731,3.12996)
{1.02417}
(0.25751,0.39127)(0.24226,1.00186)(0.23901,2.26894)(0.26122,3.13916)
{1.02065}
(0.28401,0.39806)(0.25193,1.39937)(0.22448,1.95135)(0.23957,2.03352)
{1.03393}
(0.26821,0.13122)(0.25927,1.86861)(0.22771,2.64865)(0.24482,3.63424)
{1.00519}
(0.23399,0.03650)(0.24881,0.57066)(0.25724,23.98470)(0.25997,28.01366)
{0.95865}
(0.21459,0.14248)(0.24560,1.68091)(0.28278,1.78310)(0.25704,2.19104)
{1.01938}
(0.24631,0.18184)(0.22586,1.11113)(0.26205,3.17910)(0.26578,5.85010)
{0.99559}
(0.29057,0.33751)(0.22115,1.42383)(0.25355,2.20093)(0.23473,3.20151)
{1.01346}
(0.25888,0.45429)(0.24877,0.71643)(0.21772,4.81821)(0.27463,6.60819)
{0.99836}
(0.29712,0.41577)(0.22275,1.08667)(0.24158,2.63684)(0.23854,13.48198)
{1.01084}
(0.26060,0.16155)(0.21793,1.67732)(0.24272,2.24740)(0.27876,3.52151)
{1.00684}
(0.25972,0.28594)(0.24258,1.18038)(0.26172,2.84520)(0.23599,3.27624)
{1.00885}
(0.25252,0.54337)(0.21873,0.66448)(0.27044,2.10519)(0.25831,3.56971)
{1.02212}
(0.28201,0.27405)(0.23335,1.65054)(0.23436,2.03201)(0.25029,3.66712)
{1.01211}
(0.26522,0.33513)(0.22545,1.21813)(0.25556,1.96292)(0.25376,6.29297)
{1.01318}
(0.24021,0.06519)(0.24247,1.85824)(0.27347,2.21498)(0.24386,3.51578)
{0.99991}
(0.25547,0.33183)(0.24913,1.10224)(0.27777,2.48240)(0.21763,3.53010)
{1.01188}
(0.25867,0.45059)(0.22277,0.59521)(0.25767,4.93390)(0.26089,5.01156)
{0.99520}
(0.25585,0.27514)(0.22721,1.21210)(0.27767,2.63659)(0.23928,2.66148)
{1.00993}
(0.23158,0.20386)(0.28429,1.58991)(0.21391,1.98950)(0.27022,2.15295)
{1.01906}
(0.23811,0.07983)(0.23898,2.09579)(0.24079,2.11576)(0.28212,2.32708)
{1.01145}
(0.26182,0.37209)(0.25815,1.07971)(0.23595,2.53156)(0.24408,3.10563)
{1.01633}
(0.28179,0.18747)(0.25432,1.96152)(0.22040,2.50745)(0.24350,3.15902)
{1.00734}
(0.27219,0.54469)(0.24847,0.77176)(0.23901,2.59816)(0.24034,3.36885)
{1.02121}
(0.23917,0.32154)(0.22161,0.86329)(0.26777,2.59378)(0.27145,5.00157)
{1.00330}
(0.24205,0.26857)(0.25379,1.15399)(0.26995,2.38434)(0.23420,5.75761)
{1.00708}
(0.23630,0.38369)(0.23697,0.87569)(0.25411,2.33570)(0.27262,3.08547)
{1.01622}
(0.24979,0.14031)(0.28989,1.93663)(0.23686,2.14117)(0.22345,2.73197)
{1.00935}
(0.24101,0.18966)(0.23858,0.91527)(0.29044,4.99031)(0.22997,8.38739)
{0.98793}
(0.24515,0.01205)(0.25885,1.90009)(0.25510,2.80013)(0.24090,3.63750)
{0.99710}
(0.21275,0.10040)(0.25971,1.25814)(0.26419,2.76022)(0.26336,2.91480)
{1.00728}
(0.23269,0.14799)(0.24153,1.73996)(0.24711,1.77621)(0.27867,2.81903)
{1.01023}
(0.24168,0.33464)(0.25065,1.10128)(0.25855,1.94639)(0.24912,6.01466)
{1.01426}
(0.26421,0.28231)(0.25731,1.48960)(0.23194,1.93315)(0.24654,3.40998)
{1.01328}
(0.27184,0.39562)(0.23654,1.06377)(0.26810,2.56084)(0.22352,2.76982)
{1.01729}
(0.22455,0.23694)(0.28061,1.38676)(0.26062,1.71235)(0.23422,3.71514)
{1.01754}
(0.23685,0.06918)(0.25100,1.97684)(0.27293,2.25921)(0.23922,2.52217)
{1.00575}
(0.25873,0.25524)(0.25725,1.54299)(0.21988,2.05954)(0.26414,2.64276)
{1.01604}
(0.25602,0.27278)(0.26242,1.15500)(0.25523,3.19345)(0.22633,5.61954)
{1.00322}
(0.27028,0.03632)(0.25237,1.83229)(0.20943,3.85657)(0.26792,5.49386)
{0.99558}
(0.22677,0.18559)(0.26432,1.57268)(0.24140,1.76503)(0.26751,2.62173)
{1.01782}
(0.26367,0.31037)(0.24594,1.43913)(0.25307,1.87245)(0.23732,2.87114)
{1.01883}
(0.24071,0.31317)(0.26024,1.24348)(0.24716,1.74014)(0.25190,4.40157)
{1.01515}
(0.28898,0.18065)(0.22281,2.01084)(0.25276,2.42177)(0.23545,4.61837)
{0.99671}
(0.26207,0.25574)(0.22716,1.54739)(0.26595,2.15089)(0.24482,2.54212)
{1.01451}
(0.26247,0.25199)(0.23269,1.77467)(0.28038,1.85824)(0.22446,2.66559)
{1.01976}
(0.23147,0.22837)(0.28411,1.58603)(0.24292,1.77328)(0.24151,2.22151)
{1.02022}
(0.23991,0.13740)(0.24207,1.84489)(0.24805,2.05761)(0.26997,2.35807)
{1.00901}
(0.23049,0.12280)(0.25820,1.60553)(0.25306,2.17079)(0.25824,2.87274)
{1.01115}
(0.23602,0.24056)(0.27194,1.16111)(0.23033,2.87430)(0.26171,3.29058)
{1.00640}
(0.25810,0.34058)(0.24191,1.05334)(0.22802,2.80260)(0.27198,3.05844)
{1.01289}
(0.26539,0.22462)(0.26056,1.84873)(0.22948,2.03921)(0.24457,2.60147)
{1.01307}
(0.27844,0.16302)(0.24515,1.95054)(0.22805,2.45070)(0.24836,3.86579)
{1.00568}
(0.25939,0.04084)(0.24663,1.57080)(0.23534,4.35042)(0.25864,5.61725)
{0.99334}
(0.26806,0.25069)(0.22579,1.52241)(0.23215,1.98203)(0.27401,4.12687)
{1.00939}
(0.24088,0.05002)(0.23992,2.12937)(0.27912,2.36504)(0.24008,2.43315)
{1.00608}
(0.25868,0.13621)(0.25795,1.89648)(0.22465,2.14047)(0.25872,3.52534)
{1.00701}
(0.22457,0.02660)(0.27420,1.95693)(0.26199,2.19256)(0.23924,2.65502)
{1.00542}
(0.24285,0.17756)(0.26430,1.81306)(0.22077,2.01653)(0.27209,2.20231)
{1.01561}
(0.22970,0.23090)(0.27596,1.07384)(0.25595,3.37029)(0.23838,4.10924)
{0.99706}
(0.25769,0.26882)(0.24000,1.55886)(0.22291,2.08593)(0.27939,2.16259)
{1.01674}
(0.22541,0.15576)(0.27344,1.67521)(0.26682,1.91927)(0.23433,2.29228)
{1.01510}
(0.25323,0.28137)(0.25813,1.22190)(0.26250,2.61981)(0.22613,3.12903)
{1.01380}
