(0.27217,0.14264)(0.30641,1.92903)(0.42141,3.25895)
{1.00795}
(0.35082,0.28720)(0.27755,2.82064)(0.37163,3.09695)
{1.00877}
(0.28702,0.09691)(0.31661,2.23948)(0.39637,3.95365)
{1.00599}
(0.28202,0.00000)(0.36385,2.77483)(0.35413,3.62593)
{1.00290}
(0.32450,0.27191)(0.26295,2.31193)(0.41256,2.87980)
{1.01085}
(0.32784,0.14994)(0.31341,3.19474)(0.35875,3.34454)
{1.00468}
(0.25152,0.17684)(0.33446,1.45712)(0.41402,5.90261)
{1.00508}
(0.30376,0.20993)(0.35348,2.45809)(0.34276,2.69591)
{1.01343}
(0.27292,0.13630)(0.29381,1.99369)(0.43327,3.10799)
{1.00815}
(0.30614,0.26386)(0.31085,2.05669)(0.38301,2.89511)
{1.01186}
(0.35650,0.24244)(0.30480,2.91085)(0.33870,4.67540)
{1.00380}
(0.31307,0.22487)(0.36011,2.12705)(0.32682,14.79987)
{1.00470}
(0.32512,0.23976)(0.28535,2.56708)(0.38953,2.95122)
{1.01186}
(0.26825,0.14871)(0.31456,1.97628)(0.41719,2.88804)
{1.01146}
(0.34809,0.20633)(0.25735,2.51405)(0.39456,9.31543)
{0.99794}
(0.33747,0.39058)(0.24257,1.71522)(0.41996,2.83118)
{1.01872}
(0.27988,0.26266)(0.31127,1.72646)(0.40885,2.70034)
{1.01570}
